1A, 7A, 11A, for the threshold  98 

p79  :  0.02590487 
p80  :  0.02535541 
p83  :  0.02654574 
p84  :  0.03246162 
p91  :  0.0165007 
p93  :  0.02449374 
p96  :  0.03163543 
p104  :  0.03821755 
p105  :  0.02384765 
p108  :  0.008811905 
p110  :  0.02188379 

 Table 
      Group       Mean          SE
1   Control 0.02756691 0.001649599
2 Treated_1 0.02420996 0.004371323
3 Treated_2 0.02319022 0.006018690

 ----- 
1B, 7B, 11B, for the threshold  98 

p85  :  0.02991559 
p87  :  0.02599465 
p89  :  0.02443599 
p90  :  0.0150784 
p100  :  0.01078466 
p101  :  0.01830931 
p102  :  0.04187125 
p111  :  0.01625377 
p112  :  0.01406533 
p113  :  0.02958275 
p115  :  0.01307792 

 Table 
      Group       Mean          SE
1   Control 0.02385616 0.003144773
2 Treated_1 0.02365508 0.009363526
3 Treated_2 0.01824494 0.003837077

 ----- 
